#Frame                                               Vec_00004
       1  78.8781  58.6411  40.4073   0.0000   0.0000   0.0000
       2  78.4890  58.8490  39.8643   0.0000   0.0000   0.0000
       3  78.5116  58.5392  40.0626   0.0000   0.0000   0.0000
       4  77.9914  58.3322  40.3406   0.0000   0.0000   0.0000
       5  78.0346  58.3103  40.3071   0.0000   0.0000   0.0000
       6  77.9578  58.4043  39.5811   0.0000   0.0000   0.0000
       7  78.1176  58.9519  39.9717   0.0000   0.0000   0.0000
       8  78.1330  58.3430  39.4998   0.0000   0.0000   0.0000
       9  78.1418  58.9780  39.6679   0.0000   0.0000   0.0000
      10  78.2059  58.7203  39.7696   0.0000   0.0000   0.0000
      11  78.2015  58.7297  39.7571   0.0000   0.0000   0.0000
      12  78.1306  58.6200  39.7481   0.0000   0.0000   0.0000
      13  78.0658  58.7346  39.5393   0.0000   0.0000   0.0000
      14  78.2097  58.4864  39.0573   0.0000   0.0000   0.0000
      15  78.0357  58.1309  38.9626   0.0000   0.0000   0.0000
      16  78.0392  58.5490  39.7100   0.0000   0.0000   0.0000
      17  77.6271  58.2901  39.7620   0.0000   0.0000   0.0000
      18  77.6584  58.4829  39.9329   0.0000   0.0000   0.0000
      19  77.7897  58.7106  39.6738   0.0000   0.0000   0.0000
      20  78.6628  58.8363  39.8761   0.0000   0.0000   0.0000
      21  77.9999  58.4719  39.6624   0.0000   0.0000   0.0000
      22  78.0320  58.8918  40.0059   0.0000   0.0000   0.0000
      23  78.3514  58.4902  39.9981   0.0000   0.0000   0.0000
      24  78.5648  58.9553  39.9969   0.0000   0.0000   0.0000
      25  77.8117  58.6260  39.6764   0.0000   0.0000   0.0000
      26  78.4097  58.6762  39.7391   0.0000   0.0000   0.0000
      27  78.4121  58.5723  39.3410   0.0000   0.0000   0.0000
      28  78.4032  58.3320  39.5378   0.0000   0.0000   0.0000
      29  78.4517  58.3121  39.4576   0.0000   0.0000   0.0000
      30  78.2654  58.1200  39.6783   0.0000   0.0000   0.0000
      31  78.3812  58.6444  39.9015   0.0000   0.0000   0.0000
      32  78.1976  58.5105  39.9348   0.0000   0.0000   0.0000
      33  78.3812  59.0685  39.5407   0.0000   0.0000   0.0000
      34  78.2514  58.7144  39.7937   0.0000   0.0000   0.0000
      35  77.9214  58.7245  39.3147   0.0000   0.0000   0.0000
      36  78.0755  58.6458  39.7099   0.0000   0.0000   0.0000
      37  78.1247  58.9605  40.1188   0.0000   0.0000   0.0000
      38  77.9427  58.6918  39.6115   0.0000   0.0000   0.0000
      39  77.9474  58.8914  40.0480   0.0000   0.0000   0.0000
      40  78.3990  58.6530  39.7018   0.0000   0.0000   0.0000
      41  78.2259  58.6101  39.4314   0.0000   0.0000   0.0000
      42  78.2808  58.3378  39.6142   0.0000   0.0000   0.0000
      43  78.1479  58.3007  39.7152   0.0000   0.0000   0.0000
      44  78.2166  58.4776  39.8043   0.0000   0.0000   0.0000
      45  78.1538  58.2125  39.9397   0.0000   0.0000   0.0000
      46  77.7930  57.9076  39.4656   0.0000   0.0000   0.0000
      47  77.6760  58.1438  39.3153   0.0000   0.0000   0.0000
      48  78.0526  58.4048  39.3108   0.0000   0.0000   0.0000
      49  77.9833  58.1327  39.7176   0.0000   0.0000   0.0000
      50  77.9522  58.0274  39.3143   0.0000   0.0000   0.0000
      51  78.1314  58.2192  39.4660   0.0000   0.0000   0.0000
      52  77.7509  58.1379  39.1729   0.0000   0.0000   0.0000
      53  77.7750  58.0988  39.2069   0.0000   0.0000   0.0000
      54  78.2011  58.2147  38.9914   0.0000   0.0000   0.0000
      55  78.1882  57.9376  38.7216   0.0000   0.0000   0.0000
      56  77.3470  57.7334  39.3094   0.0000   0.0000   0.0000
      57  77.8239  58.0830  38.8391   0.0000   0.0000   0.0000
      58  77.6182  57.9602  39.2929   0.0000   0.0000   0.0000
      59  77.9494  58.0335  39.4477   0.0000   0.0000   0.0000
      60  78.0939  58.2522  39.0875   0.0000   0.0000   0.0000
      61  78.2716  58.1702  39.6082   0.0000   0.0000   0.0000
      62  78.2405  57.8075  39.6130   0.0000   0.0000   0.0000
      63  78.2992  57.7150  39.5161   0.0000   0.0000   0.0000
      64  78.2042  57.7353  39.9291   0.0000   0.0000   0.0000
      65  78.5528  57.5450  39.7496   0.0000   0.0000   0.0000
      66  78.2960  57.7889  39.6164   0.0000   0.0000   0.0000
      67  77.7743  57.6470  40.1235   0.0000   0.0000   0.0000
      68  77.9113  57.3035  40.0026   0.0000   0.0000   0.0000
      69  78.1434  57.6616  40.2603   0.0000   0.0000   0.0000
      70  78.4327  57.8363  40.2380   0.0000   0.0000   0.0000
      71  78.2966  57.6428  40.3596   0.0000   0.0000   0.0000
      72  78.1782  57.7620  40.2266   0.0000   0.0000   0.0000
      73  78.4307  57.9060  39.8006   0.0000   0.0000   0.0000
      74  78.6407  57.9949  40.0110   0.0000   0.0000   0.0000
      75  77.9937  57.5937  39.8294   0.0000   0.0000   0.0000
      76  78.0703  57.9700  40.3288   0.0000   0.0000   0.0000
      77  77.9844  57.8516  39.8812   0.0000   0.0000   0.0000
      78  78.2631  57.8362  40.0305   0.0000   0.0000   0.0000
      79  78.0342  57.6058  39.6597   0.0000   0.0000   0.0000
      80  78.6568  57.6142  39.8543   0.0000   0.0000   0.0000
      81  77.9100  57.7490  39.7960   0.0000   0.0000   0.0000
      82  78.0966  57.8508  39.7848   0.0000   0.0000   0.0000
      83  77.8046  57.6405  39.6356   0.0000   0.0000   0.0000
      84  77.8037  57.9147  39.6067   0.0000   0.0000   0.0000
      85  77.7878  57.5693  39.7798   0.0000   0.0000   0.0000
      86  77.8665  57.6240  39.7155   0.0000   0.0000   0.0000
      87  78.0772  57.5085  40.0123   0.0000   0.0000   0.0000
      88  77.4096  57.7763  40.1008   0.0000   0.0000   0.0000
      89  77.4443  57.5977  40.1982   0.0000   0.0000   0.0000
      90  77.4228  57.6021  39.3595   0.0000   0.0000   0.0000
      91  77.7621  57.8939  40.0292   0.0000   0.0000   0.0000
      92  77.6486  57.7724  39.7772   0.0000   0.0000   0.0000
      93  77.4203  57.7479  39.9833   0.0000   0.0000   0.0000
      94  77.5334  57.8086  40.2993   0.0000   0.0000   0.0000
      95  77.6040  57.8836  40.1572   0.0000   0.0000   0.0000
      96  77.4547  57.3439  40.1479   0.0000   0.0000   0.0000
      97  77.2830  57.3803  40.0676   0.0000   0.0000   0.0000
      98  77.0164  57.5567  39.9055   0.0000   0.0000   0.0000
      99  77.6010  57.4339  39.7672   0.0000   0.0000   0.0000
     100  77.7785  57.3352  39.5977   0.0000   0.0000   0.0000
     101  77.4661  57.4109  39.5018   0.0000   0.0000   0.0000
     102  77.4481  57.5633  39.6947   0.0000   0.0000   0.0000
     103  77.4360  57.4238  39.5162   0.0000   0.0000   0.0000
     104  77.3459  57.5487  39.6247   0.0000   0.0000   0.0000
     105  77.2479  57.3623  39.8718   0.0000   0.0000   0.0000
     106  77.4330  57.4890  40.1402   0.0000   0.0000   0.0000
     107  77.4811  57.0977  39.7752   0.0000   0.0000   0.0000
     108  77.8330  57.0415  39.8822   0.0000   0.0000   0.0000
     109  77.8450  57.4286  39.7346   0.0000   0.0000   0.0000
     110  77.5533  57.6385  39.9326   0.0000   0.0000   0.0000
     111  77.6264  57.5355  39.6706   0.0000   0.0000   0.0000
     112  77.7802  57.5339  39.7556   0.0000   0.0000   0.0000
     113  77.7722  57.1838  39.5988   0.0000   0.0000   0.0000
     114  77.4304  57.4691  39.7953   0.0000   0.0000   0.0000
     115  77.6175  57.3172  39.8456   0.0000   0.0000   0.0000
     116  77.5147  57.3478  39.5341   0.0000   0.0000   0.0000
     117  77.9456  57.3259  39.3520   0.0000   0.0000   0.0000
     118  77.5987  57.8177  40.0112   0.0000   0.0000   0.0000
     119  77.7231  57.7462  39.2923   0.0000   0.0000   0.0000
     120  77.8983  57.6889  38.9385   0.0000   0.0000   0.0000
     121  77.9130  57.9238  39.4807   0.0000   0.0000   0.0000
     122  77.5346  57.8690  39.1027   0.0000   0.0000   0.0000
     123  77.7023  57.5930  39.2971   0.0000   0.0000   0.0000
     124  77.7231  57.5386  38.9275   0.0000   0.0000   0.0000
     125  77.7003  57.7627  39.4511   0.0000   0.0000   0.0000
     126  78.0376  57.7129  39.3142   0.0000   0.0000   0.0000
     127  77.9548  57.6613  39.3198   0.0000   0.0000   0.0000
     128  77.9145  57.8643  39.3271   0.0000   0.0000   0.0000
     129  78.2052  57.9676  39.3128   0.0000   0.0000   0.0000
     130  78.1649  58.1209  39.4575   0.0000   0.0000   0.0000
     131  78.3841  58.0513  39.2297   0.0000   0.0000   0.0000
     132  78.4465  58.1321  39.6419   0.0000   0.0000   0.0000
     133  78.3194  58.0423  39.5056   0.0000   0.0000   0.0000
     134  77.8937  57.9899  39.5558   0.0000   0.0000   0.0000
     135  78.2939  58.3455  39.5114   0.0000   0.0000   0.0000
     136  77.8949  57.9084  39.1483   0.0000   0.0000   0.0000
     137  78.0891  57.9169  39.1308   0.0000   0.0000   0.0000
     138  78.5615  57.5675  39.2861   0.0000   0.0000   0.0000
     139  78.2488  57.6354  39.1011   0.0000   0.0000   0.0000
     140  77.7854  57.7231  38.9526   0.0000   0.0000   0.0000
     141  77.8083  57.6036  39.1400   0.0000   0.0000   0.0000
     142  77.7407  57.6060  39.1329   0.0000   0.0000   0.0000
     143  77.7956  57.4649  38.9424   0.0000   0.0000   0.0000
     144  77.8266  57.3744  39.4780   0.0000   0.0000   0.0000
     145  78.1703  57.6738  39.7953   0.0000   0.0000   0.0000
     146  77.9153  57.5688  39.9332   0.0000   0.0000   0.0000
     147  77.8283  57.3293  39.8855   0.0000   0.0000   0.0000
     148  78.2144  57.9370  40.1914   0.0000   0.0000   0.0000
     149  77.5767  57.4229  39.7676   0.0000   0.0000   0.0000
     150  78.0737  57.5379  39.3957   0.0000   0.0000   0.0000
     151  77.9178  57.6050  39.3493   0.0000   0.0000   0.0000
     152  77.7454  57.5919  39.5431   0.0000   0.0000   0.0000
     153  77.6485  57.4744  39.8093   0.0000   0.0000   0.0000
     154  78.0762  57.5957  38.9385   0.0000   0.0000   0.0000
     155  77.8348  57.1209  39.1858   0.0000   0.0000   0.0000
     156  77.8925  57.2776  38.9868   0.0000   0.0000   0.0000
     157  77.9097  57.4079  39.1865   0.0000   0.0000   0.0000
     158  78.2841  57.2754  38.9247   0.0000   0.0000   0.0000
     159  78.1865  57.3518  39.6372   0.0000   0.0000   0.0000
     160  78.1520  57.1509  38.9141   0.0000   0.0000   0.0000
     161  78.1708  56.9916  39.5043   0.0000   0.0000   0.0000
     162  78.4914  56.9262  39.2538   0.0000   0.0000   0.0000
     163  78.5900  57.0452  39.1740   0.0000   0.0000   0.0000
     164  78.3693  57.4467  39.1160   0.0000   0.0000   0.0000
     165  78.5753  57.3585  39.2635   0.0000   0.0000   0.0000
     166  78.6501  57.2918  39.5429   0.0000   0.0000   0.0000
     167  78.8226  57.1518  39.2690   0.0000   0.0000   0.0000
     168  78.4654  57.4156  39.5665   0.0000   0.0000   0.0000
     169  77.8646  57.1506  39.4620   0.0000   0.0000   0.0000
     170  78.6572  57.2881  39.5231   0.0000   0.0000   0.0000
     171  78.7450  57.3142  39.6575   0.0000   0.0000   0.0000
     172  78.7378  57.3313  40.4646   0.0000   0.0000   0.0000
     173  78.7594  57.7217  39.9606   0.0000   0.0000   0.0000
     174  78.8490  57.5346  39.9012   0.0000   0.0000   0.0000
     175  78.8842  57.9027  40.2119   0.0000   0.0000   0.0000
     176  79.1122  58.1288  40.2108   0.0000   0.0000   0.0000
     177  78.6267  57.8742  40.1174   0.0000   0.0000   0.0000
     178  79.1187  57.9250  40.5858   0.0000   0.0000   0.0000
     179  78.9771  57.7858  40.2699   0.0000   0.0000   0.0000
     180  78.4600  57.6396  40.3395   0.0000   0.0000   0.0000
     181  79.2413  57.7509  40.4201   0.0000   0.0000   0.0000
     182  79.0662  57.7933  40.6394   0.0000   0.0000   0.0000
     183  78.8694  57.7765  40.5920   0.0000   0.0000   0.0000
     184  79.2199  58.0692  39.5754   0.0000   0.0000   0.0000
     185  79.1224  57.9562  39.7255   0.0000   0.0000   0.0000
     186  79.0249  57.8987  39.5440   0.0000   0.0000   0.0000
     187  78.7056  57.7499  40.0218   0.0000   0.0000   0.0000
     188  78.9218  57.5398  40.1743   0.0000   0.0000   0.0000
     189  78.7847  57.5749  40.1076   0.0000   0.0000   0.0000
     190  78.8245  57.4565  40.1734   0.0000   0.0000   0.0000
     191  78.8385  57.4664  40.1365   0.0000   0.0000   0.0000
     192  78.5945  57.1271  39.9904   0.0000   0.0000   0.0000
     193  78.8141  57.2441  40.0786   0.0000   0.0000   0.0000
     194  78.6870  57.0920  40.1004   0.0000   0.0000   0.0000
     195  78.8730  57.1198  39.9790   0.0000   0.0000   0.0000
     196  78.9076  57.6624  40.1708   0.0000   0.0000   0.0000
     197  78.7878  57.1346  39.6080   0.0000   0.0000   0.0000
     198  79.0545  57.4296  39.7342   0.0000   0.0000   0.0000
     199  78.5707  57.0406  39.5796   0.0000   0.0000   0.0000
     200  78.6354  57.2481  39.2597   0.0000   0.0000   0.0000
     201  78.8682  56.8330  39.4634   0.0000   0.0000   0.0000
     202  78.8430  56.9296  38.9771   0.0000   0.0000   0.0000
     203  78.8229  56.9070  39.1173   0.0000   0.0000   0.0000
     204  78.7882  57.1884  39.3099   0.0000   0.0000   0.0000
     205  78.7382  57.4332  39.6839   0.0000   0.0000   0.0000
     206  78.8695  57.2502  39.7808   0.0000   0.0000   0.0000
     207  79.0022  57.3117  40.0107   0.0000   0.0000   0.0000
     208  79.2728  57.2907  39.7699   0.0000   0.0000   0.0000
     209  78.8886  57.6032  39.7286   0.0000   0.0000   0.0000
     210  78.7937  57.2715  40.0175   0.0000   0.0000   0.0000
     211  79.1300  56.8654  39.7122   0.0000   0.0000   0.0000
     212  79.1798  57.2026  39.2171   0.0000   0.0000   0.0000
     213  78.8146  57.1117  39.5925   0.0000   0.0000   0.0000
     214  79.0540  57.0707  39.7638   0.0000   0.0000   0.0000
     215  79.0620  57.2046  39.8476   0.0000   0.0000   0.0000
     216  78.7624  56.8279  39.6801   0.0000   0.0000   0.0000
     217  79.0790  56.8905  39.9288   0.0000   0.0000   0.0000
     218  79.2146  57.1260  40.1349   0.0000   0.0000   0.0000
     219  79.1441  57.6283  40.1947   0.0000   0.0000   0.0000
     220  78.6326  57.1280  40.1042   0.0000   0.0000   0.0000
     221  79.0049  56.9999  40.0666   0.0000   0.0000   0.0000
     222  78.5494  57.1008  40.2589   0.0000   0.0000   0.0000
     223  78.6553  57.2153  39.4712   0.0000   0.0000   0.0000
     224  78.7401  57.1367  39.4158   0.0000   0.0000   0.0000
     225  78.6743  57.0033  39.5880   0.0000   0.0000   0.0000
     226  78.8493  57.4969  39.5988   0.0000   0.0000   0.0000
     227  78.9311  57.3764  39.5509   0.0000   0.0000   0.0000
     228  78.8836  57.0493  39.6405   0.0000   0.0000   0.0000
     229  78.4058  57.0461  39.4258   0.0000   0.0000   0.0000
     230  79.0237  57.1829  39.1704   0.0000   0.0000   0.0000
     231  78.1401  56.9612  39.1255   0.0000   0.0000   0.0000
     232  78.6289  57.1670  39.1043   0.0000   0.0000   0.0000
     233  78.4882  57.0580  38.9101   0.0000   0.0000   0.0000
     234  78.6835  57.2293  39.0061   0.0000   0.0000   0.0000
     235  78.1929  57.4674  39.3405   0.0000   0.0000   0.0000
     236  78.7922  57.1152  38.9092   0.0000   0.0000   0.0000
     237  78.7764  57.1936  39.0548   0.0000   0.0000   0.0000
     238  78.1626  57.4122  39.1666   0.0000   0.0000   0.0000
     239  78.3462  57.1071  39.7813   0.0000   0.0000   0.0000
     240  78.8203  57.4136  39.7693   0.0000   0.0000   0.0000
     241  78.5905  57.2229  40.2419   0.0000   0.0000   0.0000
     242  78.5903  57.2163  39.7480   0.0000   0.0000   0.0000
     243  78.6591  57.5533  39.9891   0.0000   0.0000   0.0000
     244  79.0990  57.4680  39.9206   0.0000   0.0000   0.0000
     245  78.7688  57.3554  39.5776   0.0000   0.0000   0.0000
     246  78.6459  57.4099  39.8309   0.0000   0.0000   0.0000
     247  78.8146  57.2411  39.8992   0.0000   0.0000   0.0000
     248  78.7018  57.4366  40.1207   0.0000   0.0000   0.0000
     249  79.1588  57.2216  40.0369   0.0000   0.0000   0.0000
     250  78.5668  57.0428  39.7353   0.0000   0.0000   0.0000
     251  78.5884  56.9760  39.8621   0.0000   0.0000   0.0000
     252  78.5836  57.0999  39.8076   0.0000   0.0000   0.0000
     253  78.9119  57.1140  39.8224   0.0000   0.0000   0.0000
     254  78.9523  57.0995  39.5793   0.0000   0.0000   0.0000
     255  78.7707  57.4990  39.9193   0.0000   0.0000   0.0000
     256  78.7642  57.3817  40.0782   0.0000   0.0000   0.0000
     257  79.2734  57.6181  40.0421   0.0000   0.0000   0.0000
     258  79.0991  57.6442  39.9557   0.0000   0.0000   0.0000
     259  79.0381  57.4617  40.2808   0.0000   0.0000   0.0000
     260  79.0649  57.2926  39.9383   0.0000   0.0000   0.0000
     261  79.2036  57.2479  40.0592   0.0000   0.0000   0.0000
     262  78.9172  56.9018  39.9944   0.0000   0.0000   0.0000
     263  79.0467  57.0990  39.9195   0.0000   0.0000   0.0000
     264  78.6134  57.0438  40.0291   0.0000   0.0000   0.0000
     265  78.4986  56.7398  39.5675   0.0000   0.0000   0.0000
     266  78.4203  56.6629  39.2924   0.0000   0.0000   0.0000
     267  78.4393  56.7408  39.7554   0.0000   0.0000   0.0000
     268  78.6067  56.8416  39.9217   0.0000   0.0000   0.0000
     269  78.8653  56.8044  39.7478   0.0000   0.0000   0.0000
     270  78.6602  56.6408  39.8241   0.0000   0.0000   0.0000
     271  78.7067  56.3999  39.4090   0.0000   0.0000   0.0000
     272  78.8620  56.3043  39.1880   0.0000   0.0000   0.0000
     273  78.7186  56.8700  39.4520   0.0000   0.0000   0.0000
     274  78.4851  56.6551  39.2851   0.0000   0.0000   0.0000
     275  78.6007  56.6563  39.6083   0.0000   0.0000   0.0000
     276  78.5299  56.7589  39.5922   0.0000   0.0000   0.0000
     277  78.5074  56.4985  39.5443   0.0000   0.0000   0.0000
     278  78.7558  56.8937  39.3545   0.0000   0.0000   0.0000
     279  78.8382  56.7566  39.5144   0.0000   0.0000   0.0000
     280  78.3740  56.8504  38.8053   0.0000   0.0000   0.0000
     281  78.2394  57.1172  39.3516   0.0000   0.0000   0.0000
     282  78.1015  56.8142  39.1560   0.0000   0.0000   0.0000
     283  78.3465  57.1817  39.3382   0.0000   0.0000   0.0000
     284  78.3584  56.7574  39.3407   0.0000   0.0000   0.0000
     285  78.1702  56.4549  39.3523   0.0000   0.0000   0.0000
     286  77.9708  56.7168  39.2591   0.0000   0.0000   0.0000
     287  77.8869  56.6486  39.6841   0.0000   0.0000   0.0000
     288  78.2970  56.7312  39.5168   0.0000   0.0000   0.0000
     289  78.4535  56.4216  39.1246   0.0000   0.0000   0.0000
     290  78.2564  56.4508  38.9748   0.0000   0.0000   0.0000
     291  78.1677  56.4467  39.6124   0.0000   0.0000   0.0000
     292  78.5414  56.2879  39.1057   0.0000   0.0000   0.0000
     293  78.4067  57.0522  39.5138   0.0000   0.0000   0.0000
     294  78.4387  56.7566  39.4266   0.0000   0.0000   0.0000
     295  78.1961  56.6347  39.0103   0.0000   0.0000   0.0000
     296  78.5329  57.0830  38.9031   0.0000   0.0000   0.0000
     297  78.4972  56.7443  38.2939   0.0000   0.0000   0.0000
     298  78.2190  56.8150  38.3644   0.0000   0.0000   0.0000
     299  78.2637  56.7547  38.3505   0.0000   0.0000   0.0000
     300  77.9874  57.1805  38.7295   0.0000   0.0000   0.0000
     301  77.8612  56.6012  38.2891   0.0000   0.0000   0.0000
     302  78.2793  56.5618  38.4005   0.0000   0.0000   0.0000
     303  78.2441  56.6615  38.5805   0.0000   0.0000   0.0000
     304  78.6688  56.6369  38.7419   0.0000   0.0000   0.0000
     305  78.6237  56.2744  38.4021   0.0000   0.0000   0.0000
     306  78.5994  56.8597  38.5218   0.0000   0.0000   0.0000
     307  78.2989  56.7681  38.9940   0.0000   0.0000   0.0000
     308  78.3517  56.3639  38.3668   0.0000   0.0000   0.0000
     309  78.2798  56.8260  38.3136   0.0000   0.0000   0.0000
     310  78.1975  56.5482  38.7488   0.0000   0.0000   0.0000
     311  78.4228  56.4780  38.3380   0.0000   0.0000   0.0000
     312  78.2023  56.5415  38.3315   0.0000   0.0000   0.0000
     313  78.1853  57.0578  38.6156   0.0000   0.0000   0.0000
     314  78.1585  56.7797  38.6067   0.0000   0.0000   0.0000
     315  78.0094  56.4824  38.6582   0.0000   0.0000   0.0000
     316  78.0825  56.1929  38.6265   0.0000   0.0000   0.0000
     317  78.2267  56.3846  38.2404   0.0000   0.0000   0.0000
     318  78.0227  56.5036  38.1582   0.0000   0.0000   0.0000
     319  77.8024  56.4349  38.0003   0.0000   0.0000   0.0000
     320  77.9578  56.9013  37.8777   0.0000   0.0000   0.0000
     321  77.8747  56.4418  37.5258   0.0000   0.0000   0.0000
     322  78.4056  56.8090  37.8501   0.0000   0.0000   0.0000
     323  77.9501  56.7990  37.5961   0.0000   0.0000   0.0000
     324  78.1610  56.4034  37.6292   0.0000   0.0000   0.0000
     325  78.2687  56.7196  37.8217   0.0000   0.0000   0.0000
     326  78.0435  56.5711  37.5141   0.0000   0.0000   0.0000
     327  77.7555  56.6509  37.5430   0.0000   0.0000   0.0000
     328  77.6108  56.7756  38.2186   0.0000   0.0000   0.0000
     329  77.8140  56.4493  37.6461   0.0000   0.0000   0.0000
     330  77.6453  56.9662  37.6939   0.0000   0.0000   0.0000
     331  77.5087  56.8875  37.8538   0.0000   0.0000   0.0000
     332  77.3528  56.8856  37.8362   0.0000   0.0000   0.0000
     333  77.5855  56.9590  38.0045   0.0000   0.0000   0.0000
     334  78.0564  56.8563  37.6209   0.0000   0.0000   0.0000
     335  77.6317  57.0095  38.3547   0.0000   0.0000   0.0000
     336  77.6766  56.9716  38.0374   0.0000   0.0000   0.0000
     337  77.7595  56.6944  38.1730   0.0000   0.0000   0.0000
     338  77.6789  57.3553  38.1333   0.0000   0.0000   0.0000
     339  77.6515  57.2267  37.4552   0.0000   0.0000   0.0000
     340  77.4627  56.7684  37.6342   0.0000   0.0000   0.0000
     341  77.4967  56.8638  37.8276   0.0000   0.0000   0.0000
     342  77.6940  57.3145  37.7712   0.0000   0.0000   0.0000
     343  77.5590  56.8213  37.3732   0.0000   0.0000   0.0000
     344  77.2125  57.0451  37.6039   0.0000   0.0000   0.0000
     345  77.5334  57.0434  37.9149   0.0000   0.0000   0.0000
     346  77.3790  56.8286  37.6373   0.0000   0.0000   0.0000
     347  77.7015  57.2800  38.1540   0.0000   0.0000   0.0000
     348  77.4557  57.1162  38.2203   0.0000   0.0000   0.0000
     349  77.6671  57.0562  37.6043   0.0000   0.0000   0.0000
     350  77.4788  57.2203  37.5066   0.0000   0.0000   0.0000
     351  77.2844  57.0329  37.7978   0.0000   0.0000   0.0000
     352  77.0556  57.2687  37.6387   0.0000   0.0000   0.0000
     353  77.2871  57.3701  38.0006   0.0000   0.0000   0.0000
     354  77.1516  57.1939  38.0318   0.0000   0.0000   0.0000
     355  76.8297  57.3462  38.1624   0.0000   0.0000   0.0000
     356  77.0333  57.4289  38.0141   0.0000   0.0000   0.0000
     357  77.2395  57.1007  38.1233   0.0000   0.0000   0.0000
     358  77.2522  56.7741  38.0489   0.0000   0.0000   0.0000
     359  77.2845  57.1822  37.5962   0.0000   0.0000   0.0000
     360  77.1119  57.3666  37.8955   0.0000   0.0000   0.0000
     361  77.3256  57.1142  38.1218   0.0000   0.0000   0.0000
     362  77.2984  57.1939  37.8160   0.0000   0.0000   0.0000
     363  76.9054  57.3698  38.0023   0.0000   0.0000   0.0000
     364  77.2178  57.1385  38.0684   0.0000   0.0000   0.0000
     365  76.9455  57.2763  37.7995   0.0000   0.0000   0.0000
     366  76.9724  57.2749  37.4831   0.0000   0.0000   0.0000
     367  77.2799  57.4278  37.6856   0.0000   0.0000   0.0000
     368  77.2703  57.6536  37.1936   0.0000   0.0000   0.0000
     369  77.1494  57.5841  37.3252   0.0000   0.0000   0.0000
     370  77.2410  57.2790  37.3900   0.0000   0.0000   0.0000
     371  77.5318  57.5915  37.3540   0.0000   0.0000   0.0000
     372  77.0143  57.3773  37.3404   0.0000   0.0000   0.0000
     373  77.0514  57.3252  37.3948   0.0000   0.0000   0.0000
     374  77.1454  56.7454  37.9375   0.0000   0.0000   0.0000
     375  76.8770  56.8780  37.8357   0.0000   0.0000   0.0000
     376  76.9579  56.7473  37.5883   0.0000   0.0000   0.0000
     377  77.2665  57.0317  37.9303   0.0000   0.0000   0.0000
     378  77.2202  56.8495  37.9058   0.0000   0.0000   0.0000
     379  77.1287  56.9867  37.9842   0.0000   0.0000   0.0000
     380  76.8063  56.6486  38.1165   0.0000   0.0000   0.0000
     381  77.3526  57.1982  37.7797   0.0000   0.0000   0.0000
     382  77.1193  57.0858  37.5986   0.0000   0.0000   0.0000
     383  76.7229  57.3823  38.0515   0.0000   0.0000   0.0000
     384  77.2562  57.0065  37.7187   0.0000   0.0000   0.0000
     385  77.3071  57.0349  38.2813   0.0000   0.0000   0.0000
     386  77.9020  57.0268  38.0574   0.0000   0.0000   0.0000
     387  77.7892  57.3432  38.0202   0.0000   0.0000   0.0000
     388  77.4275  57.0851  38.4342   0.0000   0.0000   0.0000
     389  77.4087  56.9542  38.0672   0.0000   0.0000   0.0000
     390  77.4674  57.0563  38.0530   0.0000   0.0000   0.0000
     391  77.6411  57.3420  38.3142   0.0000   0.0000   0.0000
     392  77.6703  57.0029  38.3479   0.0000   0.0000   0.0000
     393  77.5074  57.1314  38.2878   0.0000   0.0000   0.0000
     394  77.4750  56.6648  38.1928   0.0000   0.0000   0.0000
     395  77.3780  56.8850  38.7055   0.0000   0.0000   0.0000
     396  76.9352  57.1527  38.4343   0.0000   0.0000   0.0000
     397  77.1735  57.1822  38.0894   0.0000   0.0000   0.0000
     398  77.0130  57.3372  38.1594   0.0000   0.0000   0.0000
     399  77.3126  56.8869  37.9221   0.0000   0.0000   0.0000
     400  77.2878  57.1161  38.0450   0.0000   0.0000   0.0000
     401  77.3800  56.9258  38.0075   0.0000   0.0000   0.0000
     402  77.4654  57.0969  38.2455   0.0000   0.0000   0.0000
     403  77.8839  56.8947  38.1706   0.0000   0.0000   0.0000
     404  77.5223  56.5843  38.3660   0.0000   0.0000   0.0000
     405  77.2279  56.5612  38.5927   0.0000   0.0000   0.0000
     406  77.1741  56.5667  37.8441   0.0000   0.0000   0.0000
     407  77.7113  56.4553  38.2132   0.0000   0.0000   0.0000
     408  77.8016  56.9480  38.4568   0.0000   0.0000   0.0000
     409  77.5427  56.7054  38.4552   0.0000   0.0000   0.0000
     410  77.5977  56.9253  38.1322   0.0000   0.0000   0.0000
     411  77.5594  56.7548  37.8179   0.0000   0.0000   0.0000
     412  77.1825  56.8263  38.1367   0.0000   0.0000   0.0000
     413  77.4886  56.5691  38.4780   0.0000   0.0000   0.0000
     414  77.2745  56.7483  37.9386   0.0000   0.0000   0.0000
     415  77.8025  57.1855  38.4719   0.0000   0.0000   0.0000
     416  77.7372  57.0582  38.5416   0.0000   0.0000   0.0000
     417  77.6023  56.7752  38.6822   0.0000   0.0000   0.0000
     418  77.5625  56.9320  38.2910   0.0000   0.0000   0.0000
     419  77.3460  57.0767  38.2546   0.0000   0.0000   0.0000
     420  77.8833  57.2456  38.0587   0.0000   0.0000   0.0000
     421  77.9950  56.9767  38.2451   0.0000   0.0000   0.0000
     422  78.3819  56.7638  38.2465   0.0000   0.0000   0.0000
     423  77.8736  56.8162  38.1770   0.0000   0.0000   0.0000
     424  77.9682  57.1275  37.9979   0.0000   0.0000   0.0000
     425  78.0180  57.4831  38.3513   0.0000   0.0000   0.0000
     426  78.3434  57.2105  38.4500   0.0000   0.0000   0.0000
     427  78.0015  57.3965  38.2833   0.0000   0.0000   0.0000
     428  77.7295  57.3669  38.2085   0.0000   0.0000   0.0000
     429  78.4325  57.3379  38.6740   0.0000   0.0000   0.0000
     430  78.0661  57.0310  38.8556   0.0000   0.0000   0.0000
     431  78.1784  57.3090  38.6789   0.0000   0.0000   0.0000
     432  77.8305  57.4283  38.7893   0.0000   0.0000   0.0000
     433  78.0839  57.3873  38.6304   0.0000   0.0000   0.0000
     434  78.0007  57.6647  38.6307   0.0000   0.0000   0.0000
     435  77.9009  57.5436  38.1644   0.0000   0.0000   0.0000
     436  78.1057  57.4114  38.1351   0.0000   0.0000   0.0000
     437  77.8359  57.4738  38.2074   0.0000   0.0000   0.0000
     438  78.2144  57.5614  38.1583   0.0000   0.0000   0.0000
     439  78.1041  57.8689  37.7312   0.0000   0.0000   0.0000
     440  78.1527  57.7657  38.1506   0.0000   0.0000   0.0000
     441  78.6991  57.8310  37.8219   0.0000   0.0000   0.0000
     442  78.8340  57.9605  38.1434   0.0000   0.0000   0.0000
     443  78.7753  58.0407  38.2212   0.0000   0.0000   0.0000
     444  77.6568  57.8778  38.1460   0.0000   0.0000   0.0000
     445  78.0098  57.8818  38.1506   0.0000   0.0000   0.0000
     446  78.2873  58.2533  37.9457   0.0000   0.0000   0.0000
     447  78.4942  58.3767  38.2822   0.0000   0.0000   0.0000
     448  78.3420  58.2650  38.1885   0.0000   0.0000   0.0000
     449  78.3613  57.8766  37.8254   0.0000   0.0000   0.0000
     450  78.2879  58.2630  38.1876   0.0000   0.0000   0.0000
     451  77.9611  58.0766  37.9156   0.0000   0.0000   0.0000
     452  77.9376  58.2350  38.0247   0.0000   0.0000   0.0000
     453  78.2958  57.9179  38.0142   0.0000   0.0000   0.0000
     454  78.0434  57.8359  38.1780   0.0000   0.0000   0.0000
     455  78.0645  58.0427  38.4050   0.0000   0.0000   0.0000
     456  77.7982  57.6985  38.4628   0.0000   0.0000   0.0000
     457  77.6363  57.9652  38.0508   0.0000   0.0000   0.0000
     458  77.6645  57.8422  38.2320   0.0000   0.0000   0.0000
     459  78.4736  57.7690  38.3628   0.0000   0.0000   0.0000
     460  78.2337  58.0197  38.4511   0.0000   0.0000   0.0000
     461  78.2343  57.8138  38.3848   0.0000   0.0000   0.0000
     462  78.1626  57.5218  38.1407   0.0000   0.0000   0.0000
     463  78.3997  57.9616  38.3308   0.0000   0.0000   0.0000
     464  78.0958  57.7486  38.4548   0.0000   0.0000   0.0000
     465  78.6331  57.9333  38.5330   0.0000   0.0000   0.0000
     466  78.6291  58.0367  38.4182   0.0000   0.0000   0.0000
     467  78.4685  57.9392  38.6572   0.0000   0.0000   0.0000
     468  78.4801  57.8637  38.8370   0.0000   0.0000   0.0000
     469  78.0130  57.4330  39.0110   0.0000   0.0000   0.0000
     470  78.1788  57.1522  38.4548   0.0000   0.0000   0.0000
     471  78.5746  57.8220  38.4927   0.0000   0.0000   0.0000
     472  78.4209  57.5443  38.5126   0.0000   0.0000   0.0000
     473  78.6576  57.8149  38.5676   0.0000   0.0000   0.0000
     474  78.5525  57.5573  38.4982   0.0000   0.0000   0.0000
     475  78.5383  57.6024  38.6502   0.0000   0.0000   0.0000
     476  78.5879  57.6396  38.2095   0.0000   0.0000   0.0000
     477  78.5355  57.5654  38.5185   0.0000   0.0000   0.0000
     478  78.4286  57.4281  38.8147   0.0000   0.0000   0.0000
     479  78.8661  57.7914  38.7200   0.0000   0.0000   0.0000
     480  78.6097  58.0496  38.2410   0.0000   0.0000   0.0000
     481  78.4663  57.9001  38.0847   0.0000   0.0000   0.0000
     482  78.6924  57.8967  38.6382   0.0000   0.0000   0.0000
     483  78.3632  57.7843  38.3886   0.0000   0.0000   0.0000
     484  78.4976  57.8893  38.1467   0.0000   0.0000   0.0000
     485  78.5460  57.9855  37.8892   0.0000   0.0000   0.0000
     486  78.3945  57.9414  37.6694   0.0000   0.0000   0.0000
     487  78.4432  57.8042  38.1635   0.0000   0.0000   0.0000
     488  78.7281  57.9615  37.9670   0.0000   0.0000   0.0000
     489  78.4447  57.9232  38.0288   0.0000   0.0000   0.0000
     490  78.3864  57.9573  38.1446   0.0000   0.0000   0.0000
     491  78.6083  57.7843  38.1388   0.0000   0.0000   0.0000
     492  78.5139  57.4931  37.8953   0.0000   0.0000   0.0000
     493  78.8361  57.6541  38.5223   0.0000   0.0000   0.0000
     494  78.7613  57.9586  38.1055   0.0000   0.0000   0.0000
     495  78.5617  57.9213  37.9938   0.0000   0.0000   0.0000
     496  78.4559  58.0868  38.3318   0.0000   0.0000   0.0000
     497  78.8531  58.1207  38.0646   0.0000   0.0000   0.0000
     498  78.2240  58.0275  38.3270   0.0000   0.0000   0.0000
     499  78.7656  58.2483  38.6737   0.0000   0.0000   0.0000
     500  78.6648  58.1383  38.5538   0.0000   0.0000   0.0000
     501  78.9820  57.9101  38.2230   0.0000   0.0000   0.0000
     502  78.4784  58.0975  38.2705   0.0000   0.0000   0.0000
     503  78.7027  58.3255  38.5282   0.0000   0.0000   0.0000
     504  78.6109  58.1985  38.4811   0.0000   0.0000   0.0000
     505  78.8005  58.1005  38.7831   0.0000   0.0000   0.0000
     506  78.3999  57.9374  38.4253   0.0000   0.0000   0.0000
     507  78.1044  57.8043  38.1530   0.0000   0.0000   0.0000
     508  78.5670  57.7073  38.2974   0.0000   0.0000   0.0000
     509  78.5833  57.6035  38.4292   0.0000   0.0000   0.0000
     510  78.7191  58.2040  38.7475   0.0000   0.0000   0.0000
     511  78.3669  57.8073  38.4948   0.0000   0.0000   0.0000
     512  78.5796  58.1145  38.6586   0.0000   0.0000   0.0000
     513  78.6984  57.7475  38.6939   0.0000   0.0000   0.0000
     514  78.6841  57.6850  38.5326   0.0000   0.0000   0.0000
     515  78.4946  57.4508  38.7721   0.0000   0.0000   0.0000
     516  78.9481  57.5753  38.8583   0.0000   0.0000   0.0000
     517  78.7733  57.7071  39.0582   0.0000   0.0000   0.0000
     518  79.0037  57.7003  38.9063   0.0000   0.0000   0.0000
     519  78.7320  57.4130  39.1038   0.0000   0.0000   0.0000
     520  78.9137  57.9331  39.0752   0.0000   0.0000   0.0000
     521  79.1767  57.6303  38.6671   0.0000   0.0000   0.0000
     522  79.3661  57.6884  38.7455   0.0000   0.0000   0.0000
     523  79.1669  57.5513  38.3638   0.0000   0.0000   0.0000
     524  79.0933  58.0049  38.4265   0.0000   0.0000   0.0000
     525  79.4200  58.1047  38.2423   0.0000   0.0000   0.0000
     526  79.2592  57.7610  38.7325   0.0000   0.0000   0.0000
     527  79.2650  58.2264  39.1235   0.0000   0.0000   0.0000
     528  79.0173  57.9606  38.8950   0.0000   0.0000   0.0000
     529  79.4005  57.9225  39.1261   0.0000   0.0000   0.0000
     530  78.9483  57.4441  38.9643   0.0000   0.0000   0.0000
     531  79.0811  57.5034  38.7375   0.0000   0.0000   0.0000
     532  78.6581  57.4811  39.0413   0.0000   0.0000   0.0000
     533  79.1425  57.4719  38.7333   0.0000   0.0000   0.0000
     534  78.8212  57.6889  38.5255   0.0000   0.0000   0.0000
     535  78.6118  57.5232  38.3861   0.0000   0.0000   0.0000
     536  78.5956  57.6017  38.0789   0.0000   0.0000   0.0000
     537  78.5704  57.8216  38.2050   0.0000   0.0000   0.0000
     538  78.8079  57.6150  38.2749   0.0000   0.0000   0.0000
     539  78.6215  57.4832  38.1786   0.0000   0.0000   0.0000
     540  79.2460  57.4983  37.9848   0.0000   0.0000   0.0000
     541  79.1392  57.9941  37.7105   0.0000   0.0000   0.0000
     542  79.2919  57.8539  37.8600   0.0000   0.0000   0.0000
     543  79.1359  57.6510  37.6223   0.0000   0.0000   0.0000
     544  79.1231  57.7172  38.0193   0.0000   0.0000   0.0000
     545  78.8275  58.2186  38.2879   0.0000   0.0000   0.0000
     546  79.0820  57.8597  38.4795   0.0000   0.0000   0.0000
     547  79.4328  57.9673  38.4640   0.0000   0.0000   0.0000
     548  79.1634  57.8823  38.6687   0.0000   0.0000   0.0000
     549  79.1844  57.7474  38.3766   0.0000   0.0000   0.0000
     550  79.2174  58.0002  38.4678   0.0000   0.0000   0.0000
     551  79.1415  57.8078  38.3079   0.0000   0.0000   0.0000
     552  79.1882  57.8469  38.0914   0.0000   0.0000   0.0000
     553  79.1654  57.6318  38.1681   0.0000   0.0000   0.0000
     554  79.5220  57.8777  38.8577   0.0000   0.0000   0.0000
     555  79.0807  57.7117  38.2186   0.0000   0.0000   0.0000
     556  79.4481  57.8735  38.5278   0.0000   0.0000   0.0000
     557  79.1656  57.7579  38.2345   0.0000   0.0000   0.0000
     558  79.4362  57.7887  37.8168   0.0000   0.0000   0.0000
     559  79.2322  57.6775  37.8134   0.0000   0.0000   0.0000
     560  79.4271  57.7810  37.6562   0.0000   0.0000   0.0000
     561  79.3086  57.7313  37.6849   0.0000   0.0000   0.0000
     562  79.5934  57.6890  37.9211   0.0000   0.0000   0.0000
     563  79.5266  57.9690  37.8493   0.0000   0.0000   0.0000
     564  79.6050  57.9556  38.0546   0.0000   0.0000   0.0000
     565  79.5660  57.7039  38.3957   0.0000   0.0000   0.0000
     566  79.9774  58.0309  38.2292   0.0000   0.0000   0.0000
     567  79.7967  57.7029  37.7508   0.0000   0.0000   0.0000
     568  79.8356  57.6251  38.0013   0.0000   0.0000   0.0000
     569  79.2630  58.0786  38.1591   0.0000   0.0000   0.0000
     570  79.6092  57.9501  38.2579   0.0000   0.0000   0.0000
     571  79.8250  58.1079  38.4572   0.0000   0.0000   0.0000
     572  79.2533  57.9616  38.0382   0.0000   0.0000   0.0000
     573  79.4711  57.7530  38.1688   0.0000   0.0000   0.0000
     574  79.4314  57.8634  38.5611   0.0000   0.0000   0.0000
     575  79.3342  58.2761  38.9598   0.0000   0.0000   0.0000
     576  79.6846  58.1426  38.5377   0.0000   0.0000   0.0000
     577  79.8418  58.3728  38.8306   0.0000   0.0000   0.0000
     578  79.9387  58.3707  38.8396   0.0000   0.0000   0.0000
     579  80.0230  58.3473  39.0329   0.0000   0.0000   0.0000
     580  79.7522  57.7385  38.8592   0.0000   0.0000   0.0000
     581  79.7453  57.9100  38.8281   0.0000   0.0000   0.0000
     582  79.7800  58.2439  38.9115   0.0000   0.0000   0.0000
     583  79.7578  58.2044  39.1019   0.0000   0.0000   0.0000
     584  79.7404  58.0570  38.6505   0.0000   0.0000   0.0000
     585  80.3387  57.9735  38.5818   0.0000   0.0000   0.0000
     586  80.0148  58.2859  38.4079   0.0000   0.0000   0.0000
     587  79.8730  58.3645  38.6211   0.0000   0.0000   0.0000
     588  80.1521  58.2951  38.4082   0.0000   0.0000   0.0000
     589  80.2955  57.7672  38.3724   0.0000   0.0000   0.0000
     590  79.7985  57.9355  38.9683   0.0000   0.0000   0.0000
     591  79.8477  58.1593  38.8678   0.0000   0.0000   0.0000
     592  79.7738  58.0150  38.7944   0.0000   0.0000   0.0000
     593  79.8838  58.1827  38.4377   0.0000   0.0000   0.0000
     594  79.7547  58.2427  38.5217   0.0000   0.0000   0.0000
     595  79.7758  57.9627  38.1977   0.0000   0.0000   0.0000
     596  79.2084  57.7204  38.5207   0.0000   0.0000   0.0000
     597  79.2473  57.5325  38.3468   0.0000   0.0000   0.0000
     598  79.3716  57.7272  38.5983   0.0000   0.0000   0.0000
     599  79.0728  58.1642  38.6490   0.0000   0.0000   0.0000
     600  79.3403  58.2825  39.0540   0.0000   0.0000   0.0000
     601  79.2344  58.3371  39.3003   0.0000   0.0000   0.0000
     602  79.2912  57.9970  38.9237   0.0000   0.0000   0.0000
     603  79.5815  58.0674  39.0123   0.0000   0.0000   0.0000
     604  79.2729  58.1670  38.8941   0.0000   0.0000   0.0000
     605  79.2413  58.2536  38.5493   0.0000   0.0000   0.0000
     606  79.3795  58.2242  38.6710   0.0000   0.0000   0.0000
     607  79.3302  58.5156  38.7448   0.0000   0.0000   0.0000
     608  79.2327  58.3658  38.4569   0.0000   0.0000   0.0000
     609  79.0351  58.3771  38.3765   0.0000   0.0000   0.0000
     610  79.0337  58.0799  38.3304   0.0000   0.0000   0.0000
     611  79.5702  58.4100  38.2036   0.0000   0.0000   0.0000
     612  79.2656  58.3382  38.0998   0.0000   0.0000   0.0000
     613  79.2995  58.1810  38.6225   0.0000   0.0000   0.0000
     614  79.5820  58.1839  38.2231   0.0000   0.0000   0.0000
     615  79.6694  58.2242  38.4442   0.0000   0.0000   0.0000
     616  79.5153  58.3908  38.5503   0.0000   0.0000   0.0000
     617  79.3361  58.3210  38.3014   0.0000   0.0000   0.0000
     618  78.9666  58.2342  37.8534   0.0000   0.0000   0.0000
     619  79.3305  58.5912  37.7616   0.0000   0.0000   0.0000
     620  79.5237  58.5951  37.7917   0.0000   0.0000   0.0000
     621  79.3782  58.7037  37.7783   0.0000   0.0000   0.0000
     622  79.0349  58.8094  38.0041   0.0000   0.0000   0.0000
     623  78.9962  59.0798  37.7512   0.0000   0.0000   0.0000
     624  79.1011  58.6253  37.7278   0.0000   0.0000   0.0000
     625  79.0730  58.6702  38.3133   0.0000   0.0000   0.0000
     626  79.2701  58.1815  37.8817   0.0000   0.0000   0.0000
     627  79.2283  58.1936  38.2392   0.0000   0.0000   0.0000
     628  79.4080  58.5263  38.3264   0.0000   0.0000   0.0000
     629  79.6847  57.8650  38.4120   0.0000   0.0000   0.0000
     630  79.7926  58.3607  38.4347   0.0000   0.0000   0.0000
     631  79.3699  57.8455  37.8801   0.0000   0.0000   0.0000
     632  79.7702  58.0641  38.0792   0.0000   0.0000   0.0000
     633  79.9645  58.2627  37.7787   0.0000   0.0000   0.0000
     634  79.9562  58.2579  38.1154   0.0000   0.0000   0.0000
     635  79.8607  58.0642  37.9118   0.0000   0.0000   0.0000
     636  79.8399  58.2807  38.2379   0.0000   0.0000   0.0000
     637  79.5505  57.8807  38.2020   0.0000   0.0000   0.0000
     638  80.1513  58.0058  37.9110   0.0000   0.0000   0.0000
     639  79.6387  57.9301  37.9054   0.0000   0.0000   0.0000
     640  80.1930  57.9254  38.0157   0.0000   0.0000   0.0000
     641  80.3533  57.8916  38.2678   0.0000   0.0000   0.0000
     642  80.0126  58.1368  37.8065   0.0000   0.0000   0.0000
     643  79.9981  57.8849  37.9069   0.0000   0.0000   0.0000
     644  80.2760  57.8150  38.1821   0.0000   0.0000   0.0000
     645  80.2829  57.7450  37.9125   0.0000   0.0000   0.0000
     646  80.1736  57.8706  38.5016   0.0000   0.0000   0.0000
     647  80.4913  57.8683  38.7157   0.0000   0.0000   0.0000
     648  80.6979  57.5807  38.9737   0.0000   0.0000   0.0000
     649  80.6031  57.7680  38.6367   0.0000   0.0000   0.0000
     650  80.5334  57.7937  38.4653   0.0000   0.0000   0.0000
     651  80.5686  57.8212  38.4162   0.0000   0.0000   0.0000
     652  80.3759  57.7012  38.3819   0.0000   0.0000   0.0000
     653  80.5347  57.7269  38.7769   0.0000   0.0000   0.0000
     654  80.3874  57.7526  38.4901   0.0000   0.0000   0.0000
     655  80.4846  57.8423  38.5274   0.0000   0.0000   0.0000
     656  80.2611  57.9403  38.9100   0.0000   0.0000   0.0000
     657  80.5728  57.8655  38.7879   0.0000   0.0000   0.0000
     658  80.2363  58.1505  38.6468   0.0000   0.0000   0.0000
     659  80.4110  58.1570  38.5467   0.0000   0.0000   0.0000
     660  80.2847  57.9436  38.4002   0.0000   0.0000   0.0000
     661  80.4023  58.2198  38.0962   0.0000   0.0000   0.0000
     662  80.5212  58.2255  38.3286   0.0000   0.0000   0.0000
     663  80.6892  58.3389  38.4727   0.0000   0.0000   0.0000
     664  80.4079  58.4832  38.8194   0.0000   0.0000   0.0000
     665  80.3368  58.3893  38.5543   0.0000   0.0000   0.0000
     666  80.4265  58.0707  38.7095   0.0000   0.0000   0.0000
     667  80.2904  57.5320  38.4849   0.0000   0.0000   0.0000
     668  80.4005  57.8322  38.3587   0.0000   0.0000   0.0000
     669  80.6450  58.1407  38.4144   0.0000   0.0000   0.0000
     670  80.5317  58.1014  38.6618   0.0000   0.0000   0.0000
     671  80.6481  58.4906  38.2414   0.0000   0.0000   0.0000
     672  80.8791  58.2841  38.4005   0.0000   0.0000   0.0000
     673  80.9458  58.1293  38.2654   0.0000   0.0000   0.0000
     674  80.5165  58.4105  38.3163   0.0000   0.0000   0.0000
     675  80.6521  58.1962  38.7345   0.0000   0.0000   0.0000
     676  80.8464  58.4113  38.9709   0.0000   0.0000   0.0000
     677  80.8228  58.4934  38.5632   0.0000   0.0000   0.0000
     678  80.8059  58.2244  38.9321   0.0000   0.0000   0.0000
     679  80.8642  58.3425  38.6932   0.0000   0.0000   0.0000
     680  80.8409  58.1868  38.3154   0.0000   0.0000   0.0000
     681  80.6691  58.1687  38.5565   0.0000   0.0000   0.0000
     682  80.3252  58.4655  38.6390   0.0000   0.0000   0.0000
     683  80.7315  58.3327  38.1168   0.0000   0.0000   0.0000
     684  81.2756  58.0914  38.4387   0.0000   0.0000   0.0000
     685  80.4599  58.1313  38.7359   0.0000   0.0000   0.0000
     686  80.4886  58.2676  38.5774   0.0000   0.0000   0.0000
     687  80.2525  58.0526  38.9917   0.0000   0.0000   0.0000
     688  80.1418  58.3309  38.8431   0.0000   0.0000   0.0000
     689  80.1500  58.2502  38.4694   0.0000   0.0000   0.0000
     690  80.1068  58.6716  38.8309   0.0000   0.0000   0.0000
     691  79.7657  58.2835  39.0507   0.0000   0.0000   0.0000
     692  79.9123  58.2122  38.7252   0.0000   0.0000   0.0000
     693  79.8146  58.0414  38.8080   0.0000   0.0000   0.0000
     694  80.0371  58.0095  38.4965   0.0000   0.0000   0.0000
     695  79.9136  58.0508  38.6616   0.0000   0.0000   0.0000
     696  80.2380  57.7835  38.5033   0.0000   0.0000   0.0000
     697  80.3913  57.9202  38.5191   0.0000   0.0000   0.0000
     698  80.0933  57.7949  38.6190   0.0000   0.0000   0.0000
     699  79.9831  57.8471  38.5906   0.0000   0.0000   0.0000
     700  80.0192  58.0427  38.8715   0.0000   0.0000   0.0000
     701  80.1027  57.8876  38.4145   0.0000   0.0000   0.0000
     702  79.9144  58.1721  38.4816   0.0000   0.0000   0.0000
     703  79.7028  57.7992  38.4615   0.0000   0.0000   0.0000
     704  79.7534  58.0830  38.2998   0.0000   0.0000   0.0000
     705  79.7924  58.0909  38.3821   0.0000   0.0000   0.0000
     706  79.7752  58.2623  38.6540   0.0000   0.0000   0.0000
     707  80.3350  58.0769  38.8976   0.0000   0.0000   0.0000
     708  79.9143  58.0750  38.7404   0.0000   0.0000   0.0000
     709  80.1615  58.3995  39.0403   0.0000   0.0000   0.0000
     710  79.7834  58.2512  38.9864   0.0000   0.0000   0.0000
     711  79.5042  58.2380  38.6762   0.0000   0.0000   0.0000
     712  79.6503  58.2412  38.7744   0.0000   0.0000   0.0000
     713  79.9667  58.4954  38.7227   0.0000   0.0000   0.0000
     714  79.8164  58.3314  38.7848   0.0000   0.0000   0.0000
     715  80.0220  58.2679  38.6550   0.0000   0.0000   0.0000
     716  80.0317  57.7018  38.8798   0.0000   0.0000   0.0000
     717  79.8150  57.8851  38.7552   0.0000   0.0000   0.0000
     718  79.8529  57.6677  38.6761   0.0000   0.0000   0.0000
     719  79.6467  58.0969  38.8864   0.0000   0.0000   0.0000
     720  80.0156  57.7909  38.6755   0.0000   0.0000   0.0000
     721  79.7924  57.9512  38.1341   0.0000   0.0000   0.0000
     722  79.5788  57.7939  38.4516   0.0000   0.0000   0.0000
     723  80.2990  57.8877  37.9620   0.0000   0.0000   0.0000
     724  80.1353  58.2640  38.1940   0.0000   0.0000   0.0000
     725  80.1159  58.0222  38.0543   0.0000   0.0000   0.0000
     726  79.6987  58.3947  37.9644   0.0000   0.0000   0.0000
     727  79.7492  57.9900  37.9314   0.0000   0.0000   0.0000
     728  79.8046  58.3268  38.4425   0.0000   0.0000   0.0000
     729  79.7834  58.2386  37.8283   0.0000   0.0000   0.0000
     730  80.2881  58.3738  37.9958   0.0000   0.0000   0.0000
     731  79.9992  58.5879  37.6077   0.0000   0.0000   0.0000
     732  80.2902  58.3107  37.9326   0.0000   0.0000   0.0000
     733  79.5562  58.3342  37.7159   0.0000   0.0000   0.0000
     734  79.6159  58.2575  38.1320   0.0000   0.0000   0.0000
     735  79.6427  58.2576  38.1728   0.0000   0.0000   0.0000
     736  79.7206  57.9810  38.5758   0.0000   0.0000   0.0000
     737  79.7352  58.1857  38.5891   0.0000   0.0000   0.0000
     738  79.9542  58.2112  38.5554   0.0000   0.0000   0.0000
     739  79.6606  58.5053  38.4443   0.0000   0.0000   0.0000
     740  79.4947  58.5624  38.7347   0.0000   0.0000   0.0000
     741  80.0400  58.5237  38.9434   0.0000   0.0000   0.0000
     742  79.5948  58.9360  39.3853   0.0000   0.0000   0.0000
     743  80.2148  58.7197  38.7101   0.0000   0.0000   0.0000
     744  80.1116  59.2534  38.7295   0.0000   0.0000   0.0000
     745  79.8842  58.5627  38.8400   0.0000   0.0000   0.0000
     746  79.8961  58.4551  38.5250   0.0000   0.0000   0.0000
     747  80.0472  58.6678  38.4286   0.0000   0.0000   0.0000
     748  80.1734  58.1114  38.8602   0.0000   0.0000   0.0000
     749  80.0537  58.3800  38.7703   0.0000   0.0000   0.0000
     750  80.0632  58.5340  38.9342   0.0000   0.0000   0.0000
     751  79.6666  58.3108  39.1003   0.0000   0.0000   0.0000
     752  79.6128  58.3200  39.1364   0.0000   0.0000   0.0000
     753  79.5685  58.5563  39.3767   0.0000   0.0000   0.0000
     754  79.5899  57.9314  39.4074   0.0000   0.0000   0.0000
     755  79.4343  58.0830  39.1878   0.0000   0.0000   0.0000
     756  79.2458  58.0943  39.6129   0.0000   0.0000   0.0000
     757  79.7238  58.2798  39.4417   0.0000   0.0000   0.0000
     758  79.9862  57.9430  39.6455   0.0000   0.0000   0.0000
     759  79.4010  58.0550  39.1784   0.0000   0.0000   0.0000
     760  79.5721  58.2572  39.0475   0.0000   0.0000   0.0000
     761  79.8172  57.9988  38.9603   0.0000   0.0000   0.0000
     762  79.7655  58.0121  39.0619   0.0000   0.0000   0.0000
     763  79.6291  58.2651  39.2885   0.0000   0.0000   0.0000
     764  79.6602  58.1260  39.1167   0.0000   0.0000   0.0000
     765  79.5571  57.7839  39.1338   0.0000   0.0000   0.0000
     766  79.6975  57.9268  38.8110   0.0000   0.0000   0.0000
     767  79.8926  57.6049  39.1050   0.0000   0.0000   0.0000
     768  79.9800  57.4905  39.6753   0.0000   0.0000   0.0000
     769  79.7946  57.5650  39.6140   0.0000   0.0000   0.0000
     770  79.9946  57.5702  39.3996   0.0000   0.0000   0.0000
     771  79.7518  57.7429  39.6973   0.0000   0.0000   0.0000
     772  79.6778  57.4049  39.3431   0.0000   0.0000   0.0000
     773  80.0871  57.7291  39.3716   0.0000   0.0000   0.0000
     774  79.7107  57.5763  39.3180   0.0000   0.0000   0.0000
     775  79.8911  57.5546  39.4432   0.0000   0.0000   0.0000
     776  79.8196  57.8380  39.0489   0.0000   0.0000   0.0000
     777  79.9513  57.7099  39.3440   0.0000   0.0000   0.0000
     778  79.6033  57.8367  39.8979   0.0000   0.0000   0.0000
     779  79.5873  57.8006  39.8816   0.0000   0.0000   0.0000
     780  79.5393  57.7975  39.3152   0.0000   0.0000   0.0000
     781  79.4479  57.6217  39.0911   0.0000   0.0000   0.0000
     782  79.8012  57.5069  39.5573   0.0000   0.0000   0.0000
     783  80.1043  57.8564  38.9358   0.0000   0.0000   0.0000
     784  79.9835  57.3135  39.3453   0.0000   0.0000   0.0000
     785  79.6695  57.1575  39.8584   0.0000   0.0000   0.0000
     786  80.1098  57.2825  40.0715   0.0000   0.0000   0.0000
     787  80.4689  57.3785  39.9684   0.0000   0.0000   0.0000
     788  80.4314  57.4511  39.9711   0.0000   0.0000   0.0000
     789  80.5254  57.5005  39.5304   0.0000   0.0000   0.0000
     790  80.5092  57.3166  39.7768   0.0000   0.0000   0.0000
     791  80.6676  57.4404  39.8259   0.0000   0.0000   0.0000
     792  80.9041  57.3539  40.0085   0.0000   0.0000   0.0000
     793  80.5575  57.5656  39.9691   0.0000   0.0000   0.0000
     794  81.0118  57.5442  39.8339   0.0000   0.0000   0.0000
     795  80.7511  57.6185  39.8367   0.0000   0.0000   0.0000
     796  80.8959  57.6114  39.5843   0.0000   0.0000   0.0000
     797  80.9338  57.6447  39.6804   0.0000   0.0000   0.0000
     798  80.7016  57.4897  39.4004   0.0000   0.0000   0.0000
     799  80.0567  57.3623  39.8155   0.0000   0.0000   0.0000
     800  80.5622  57.8536  39.3078   0.0000   0.0000   0.0000
     801  80.2779  57.8515  39.2157   0.0000   0.0000   0.0000
     802  80.6864  57.7266  39.6073   0.0000   0.0000   0.0000
     803  80.3940  57.8953  39.5443   0.0000   0.0000   0.0000
     804  80.3372  57.6345  39.2089   0.0000   0.0000   0.0000
     805  80.2348  57.4445  39.3203   0.0000   0.0000   0.0000
     806  80.1018  57.6318  39.2527   0.0000   0.0000   0.0000
     807  80.4765  57.7811  39.3495   0.0000   0.0000   0.0000
     808  80.2363  57.9957  39.4151   0.0000   0.0000   0.0000
     809  80.4887  57.8975  39.4225   0.0000   0.0000   0.0000
     810  80.4027  57.6296  39.2500   0.0000   0.0000   0.0000
     811  80.3511  57.8527  39.3720   0.0000   0.0000   0.0000
     812  80.8763  57.7613  38.9949   0.0000   0.0000   0.0000
     813  80.6642  57.9996  39.1031   0.0000   0.0000   0.0000
     814  80.4700  57.9569  39.2043   0.0000   0.0000   0.0000
     815  80.4637  57.6911  39.7400   0.0000   0.0000   0.0000
     816  80.1792  57.4614  38.9006   0.0000   0.0000   0.0000
     817  80.2220  57.6334  39.2310   0.0000   0.0000   0.0000
     818  80.4947  57.8173  39.3089   0.0000   0.0000   0.0000
     819  80.6567  57.5347  38.9180   0.0000   0.0000   0.0000
     820  80.5088  57.7507  38.9552   0.0000   0.0000   0.0000
     821  80.5338  57.5058  38.7895   0.0000   0.0000   0.0000
     822  80.5753  57.9730  39.1161   0.0000   0.0000   0.0000
     823  80.6299  57.8295  38.9011   0.0000   0.0000   0.0000
     824  80.6579  58.0502  38.9011   0.0000   0.0000   0.0000
     825  80.8485  58.1890  39.2670   0.0000   0.0000   0.0000
     826  80.9959  58.0683  39.0684   0.0000   0.0000   0.0000
     827  80.5665  57.8982  39.2471   0.0000   0.0000   0.0000
     828  80.7908  58.1257  39.4176   0.0000   0.0000   0.0000
     829  80.1993  58.1329  39.2683   0.0000   0.0000   0.0000
     830  80.6604  57.9339  39.1706   0.0000   0.0000   0.0000
     831  80.3727  57.6413  39.3637   0.0000   0.0000   0.0000
     832  80.4888  57.7759  39.4669   0.0000   0.0000   0.0000
     833  80.6481  57.7940  39.3157   0.0000   0.0000   0.0000
     834  80.4813  58.1439  39.4258   0.0000   0.0000   0.0000
     835  80.5627  57.7850  39.4284   0.0000   0.0000   0.0000
     836  80.4873  57.4604  39.6993   0.0000   0.0000   0.0000
     837  80.2068  57.3120  39.4893   0.0000   0.0000   0.0000
     838  80.3859  57.6466  39.4411   0.0000   0.0000   0.0000
     839  80.4261  57.5667  39.6590   0.0000   0.0000   0.0000
     840  80.3918  57.4512  39.6712   0.0000   0.0000   0.0000
     841  80.2054  57.5876  39.4279   0.0000   0.0000   0.0000
     842  80.4657  57.5054  39.2501   0.0000   0.0000   0.0000
     843  80.2035  57.5189  39.2191   0.0000   0.0000   0.0000
     844  80.2630  57.6472  39.3666   0.0000   0.0000   0.0000
     845  80.4813  57.5182  39.1831   0.0000   0.0000   0.0000
     846  80.3841  57.4088  39.4706   0.0000   0.0000   0.0000
     847  80.6664  57.4968  39.6657   0.0000   0.0000   0.0000
     848  80.1983  57.4527  39.8728   0.0000   0.0000   0.0000
     849  80.4958  57.4756  39.7652   0.0000   0.0000   0.0000
     850  80.5428  57.4036  39.8345   0.0000   0.0000   0.0000
     851  80.0103  57.5388  40.1387   0.0000   0.0000   0.0000
     852  80.3586  57.3735  39.6109   0.0000   0.0000   0.0000
     853  80.3603  57.3774  39.9632   0.0000   0.0000   0.0000
     854  80.6014  57.7673  40.2544   0.0000   0.0000   0.0000
     855  80.5826  57.3318  40.1907   0.0000   0.0000   0.0000
     856  80.9212  57.4372  40.0234   0.0000   0.0000   0.0000
     857  81.2456  57.3423  40.0053   0.0000   0.0000   0.0000
     858  80.7724  57.4161  40.2948   0.0000   0.0000   0.0000
     859  80.5598  57.4311  40.0167   0.0000   0.0000   0.0000
     860  80.7748  57.5479  39.8960   0.0000   0.0000   0.0000
     861  80.5039  57.5412  40.0916   0.0000   0.0000   0.0000
     862  80.4720  57.4979  40.1188   0.0000   0.0000   0.0000
     863  80.4756  57.6028  39.9861   0.0000   0.0000   0.0000
     864  80.8681  57.6996  40.0087   0.0000   0.0000   0.0000
     865  80.0990  57.1452  39.6995   0.0000   0.0000   0.0000
     866  80.1906  57.4885  39.7687   0.0000   0.0000   0.0000
     867  80.8658  57.4304  39.7856   0.0000   0.0000   0.0000
     868  80.6067  57.0757  39.7916   0.0000   0.0000   0.0000
     869  80.3037  57.3208  39.5301   0.0000   0.0000   0.0000
     870  80.3694  57.2981  39.3083   0.0000   0.0000   0.0000
     871  80.8469  57.3643  39.3146   0.0000   0.0000   0.0000
     872  80.8976  57.1610  39.1598   0.0000   0.0000   0.0000
     873  80.8948  57.2913  39.2184   0.0000   0.0000   0.0000
     874  80.5492  57.3154  39.4381   0.0000   0.0000   0.0000
     875  80.4638  57.2116  39.7707   0.0000   0.0000   0.0000
     876  80.5469  57.2782  39.4395   0.0000   0.0000   0.0000
     877  80.4799  57.3983  39.9282   0.0000   0.0000   0.0000
     878  80.7363  56.9314  40.1088   0.0000   0.0000   0.0000
     879  80.4076  56.8007  39.9920   0.0000   0.0000   0.0000
     880  80.6020  57.0685  39.7705   0.0000   0.0000   0.0000
     881  80.2211  56.9423  39.4771   0.0000   0.0000   0.0000
     882  80.6379  56.9279  39.7590   0.0000   0.0000   0.0000
     883  80.7226  56.6236  39.2536   0.0000   0.0000   0.0000
     884  80.3045  56.7818  39.1539   0.0000   0.0000   0.0000
     885  80.2973  56.7038  38.8118   0.0000   0.0000   0.0000
     886  80.2098  56.4896  38.8732   0.0000   0.0000   0.0000
     887  80.1826  56.5217  38.5990   0.0000   0.0000   0.0000
     888  80.4589  56.8225  38.6482   0.0000   0.0000   0.0000
     889  80.5496  56.5741  39.1504   0.0000   0.0000   0.0000
     890  80.1471  56.8484  39.4279   0.0000   0.0000   0.0000
     891  80.0780  56.7839  39.0612   0.0000   0.0000   0.0000
     892  80.0912  56.7505  39.1300   0.0000   0.0000   0.0000
     893  80.2877  56.8328  39.0735   0.0000   0.0000   0.0000
     894  80.2325  57.0859  39.2224   0.0000   0.0000   0.0000
     895  80.1523  57.1441  39.5452   0.0000   0.0000   0.0000
     896  79.8703  56.7983  39.4860   0.0000   0.0000   0.0000
     897  79.9341  57.0400  39.2234   0.0000   0.0000   0.0000
     898  79.8439  56.8995  39.3788   0.0000   0.0000   0.0000
     899  79.9299  56.7256  39.4542   0.0000   0.0000   0.0000
     900  79.8385  56.9295  39.9009   0.0000   0.0000   0.0000
     901  80.3375  56.8790  39.4582   0.0000   0.0000   0.0000
     902  79.9983  56.7440  39.1894   0.0000   0.0000   0.0000
     903  80.1278  57.1683  39.3307   0.0000   0.0000   0.0000
     904  79.7394  56.7617  39.0594   0.0000   0.0000   0.0000
     905  80.0414  56.7972  39.3751   0.0000   0.0000   0.0000
     906  80.1028  56.9257  39.2611   0.0000   0.0000   0.0000
     907  80.2436  57.0517  38.9405   0.0000   0.0000   0.0000
     908  80.7293  56.8846  38.8461   0.0000   0.0000   0.0000
     909  80.5024  56.7373  38.9012   0.0000   0.0000   0.0000
     910  80.1389  56.3000  38.7075   0.0000   0.0000   0.0000
     911  80.5135  56.6226  38.5288   0.0000   0.0000   0.0000
     912  80.4003  56.9074  38.8222   0.0000   0.0000   0.0000
     913  80.3803  56.9838  38.9522   0.0000   0.0000   0.0000
     914  80.6495  56.9433  39.0848   0.0000   0.0000   0.0000
     915  80.6484  57.1852  39.5358   0.0000   0.0000   0.0000
     916  80.8699  56.9991  39.3652   0.0000   0.0000   0.0000
     917  80.7092  56.9839  38.8674   0.0000   0.0000   0.0000
     918  80.3695  57.1951  39.0032   0.0000   0.0000   0.0000
     919  80.4138  57.5175  38.8956   0.0000   0.0000   0.0000
     920  80.9870  57.6939  38.8862   0.0000   0.0000   0.0000
     921  80.8195  57.4718  38.9973   0.0000   0.0000   0.0000
     922  80.7066  57.2165  38.9153   0.0000   0.0000   0.0000
     923  80.8433  57.2816  38.8880   0.0000   0.0000   0.0000
     924  81.0297  57.0814  38.4277   0.0000   0.0000   0.0000
     925  81.2095  57.4269  38.1044   0.0000   0.0000   0.0000
     926  81.1152  57.6260  38.3926   0.0000   0.0000   0.0000
     927  81.0143  57.6553  38.7694   0.0000   0.0000   0.0000
     928  81.0553  57.6977  38.7049   0.0000   0.0000   0.0000
     929  80.8759  57.7733  38.6531   0.0000   0.0000   0.0000
     930  81.2634  57.9915  38.6388   0.0000   0.0000   0.0000
     931  80.9524  57.5354  38.8559   0.0000   0.0000   0.0000
     932  80.7055  57.3597  38.5351   0.0000   0.0000   0.0000
     933  80.6407  57.2471  38.1024   0.0000   0.0000   0.0000
     934  80.5708  57.3205  38.6400   0.0000   0.0000   0.0000
     935  81.2219  57.5094  38.9776   0.0000   0.0000   0.0000
     936  81.3944  57.5385  38.4501   0.0000   0.0000   0.0000
     937  80.7681  57.4182  37.9365   0.0000   0.0000   0.0000
     938  80.7766  57.5416  38.1480   0.0000   0.0000   0.0000
     939  80.6793  57.3038  37.9028   0.0000   0.0000   0.0000
     940  80.8520  57.2409  38.3386   0.0000   0.0000   0.0000
     941  80.7031  57.7658  38.5821   0.0000   0.0000   0.0000
     942  80.3053  57.9385  38.8282   0.0000   0.0000   0.0000
     943  80.6804  57.4014  38.4445   0.0000   0.0000   0.0000
     944  80.8865  57.6743  38.8316   0.0000   0.0000   0.0000
     945  80.9999  57.3368  39.0826   0.0000   0.0000   0.0000
     946  80.6422  57.4447  38.3473   0.0000   0.0000   0.0000
     947  80.9084  57.4796  39.1285   0.0000   0.0000   0.0000
     948  81.0478  57.7458  39.0998   0.0000   0.0000   0.0000
     949  80.6994  57.6528  39.0854   0.0000   0.0000   0.0000
     950  80.4295  57.3783  39.1157   0.0000   0.0000   0.0000
     951  80.4556  57.4273  38.8260   0.0000   0.0000   0.0000
     952  80.6539  57.8453  39.1012   0.0000   0.0000   0.0000
     953  80.8082  57.7026  39.1467   0.0000   0.0000   0.0000
     954  80.5149  57.5249  38.6893   0.0000   0.0000   0.0000
     955  80.9158  57.7004  38.8478   0.0000   0.0000   0.0000
     956  80.7573  57.7211  38.9854   0.0000   0.0000   0.0000
     957  80.7632  57.8214  39.1073   0.0000   0.0000   0.0000
     958  80.5514  57.9140  39.2091   0.0000   0.0000   0.0000
     959  80.7266  57.9339  39.2706   0.0000   0.0000   0.0000
     960  80.8507  58.1510  39.0330   0.0000   0.0000   0.0000
     961  80.3818  57.8822  39.2049   0.0000   0.0000   0.0000
     962  80.9108  58.0113  39.0900   0.0000   0.0000   0.0000
     963  80.2882  57.9632  39.1555   0.0000   0.0000   0.0000
     964  80.5740  58.0632  39.2289   0.0000   0.0000   0.0000
     965  80.3735  57.8793  39.8740   0.0000   0.0000   0.0000
     966  80.7522  58.0551  39.0588   0.0000   0.0000   0.0000
     967  81.1699  58.2305  39.4143   0.0000   0.0000   0.0000
     968  80.6317  57.8007  39.4865   0.0000   0.0000   0.0000
     969  80.6464  58.0488  39.6214   0.0000   0.0000   0.0000
     970  80.7480  57.9893  39.2666   0.0000   0.0000   0.0000
     971  80.8236  57.9574  39.2624   0.0000   0.0000   0.0000
     972  80.6324  58.1923  39.4296   0.0000   0.0000   0.0000
     973  80.7446  57.8969  39.2734   0.0000   0.0000   0.0000
     974  80.6598  58.0482  39.0932   0.0000   0.0000   0.0000
     975  80.7016  57.6621  39.6581   0.0000   0.0000   0.0000
     976  80.4388  57.7285  39.8529   0.0000   0.0000   0.0000
     977  80.8740  58.1118  39.1511   0.0000   0.0000   0.0000
     978  81.0894  58.1382  39.5766   0.0000   0.0000   0.0000
     979  80.5120  58.1016  39.5422   0.0000   0.0000   0.0000
     980  80.8701  57.9396  39.2112   0.0000   0.0000   0.0000
     981  80.7821  57.3958  39.0818   0.0000   0.0000   0.0000
     982  80.7348  57.2798  38.9043   0.0000   0.0000   0.0000
     983  80.7208  57.5073  39.1235   0.0000   0.0000   0.0000
     984  80.6492  57.3669  39.2559   0.0000   0.0000   0.0000
     985  80.6459  57.8575  39.2885   0.0000   0.0000   0.0000
     986  80.1138  57.7368  39.2634   0.0000   0.0000   0.0000
     987  80.4535  57.6942  39.6082   0.0000   0.0000   0.0000
     988  80.4121  58.0352  39.6088   0.0000   0.0000   0.0000
     989  80.1934  57.1659  39.3246   0.0000   0.0000   0.0000
     990  80.4978  57.7588  39.7905   0.0000   0.0000   0.0000
     991  80.5040  57.8853  39.7447   0.0000   0.0000   0.0000
     992  80.4769  57.8447  39.3819   0.0000   0.0000   0.0000
     993  80.4645  57.5807  39.2099   0.0000   0.0000   0.0000
     994  80.3126  57.6911  39.4053   0.0000   0.0000   0.0000
     995  80.0460  57.7645  39.5476   0.0000   0.0000   0.0000
     996  79.6065  57.7608  39.3275   0.0000   0.0000   0.0000
     997  79.8879  57.7551  39.8031   0.0000   0.0000   0.0000
     998  80.0457  57.6284  39.3738   0.0000   0.0000   0.0000
     999  79.9299  57.6555  39.3893   0.0000   0.0000   0.0000
    1000  79.8288  57.4927  39.4663   0.0000   0.0000   0.0000
